Tx 0.0029 1 1 0 12 
Tx 0.0029 1 2 0 12 
Rx 0.00311032 1 1 0 12 210319
Rx 0.00311448 1 2 0 12 214479
Tx 0.0036 1 2 1 2 
Tx 0.0036 1 2 1 36 
Rx 0.00391032 1 2 1 36 0
Rx 0.00401032 1 2 1 36 0
Rx 0.00411032 1 2 1 36 0
Rx 0.00421032 1 2 1 36 0
Rx 0.00431032 1 2 1 36 0
Rx 0.00441032 1 2 1 36 0
Rx 0.00451032 1 2 1 36 0
Rx 0.00461032 1 2 1 36 0
Rx 0.00471032 1 2 1 36 0
Rx 0.00481032 1 2 1 36 0
Rx 0.00491032 1 2 1 36 0
Rx 0.00501032 1 2 1 36 0
Rx 0.00511032 1 2 1 36 0
Rx 0.00521032 1 2 1 36 0
Rx 0.00531032 1 2 1 36 0
Rx 0.00541032 1 2 1 36 0
Rx 0.00551032 1 2 1 36 0
Rx 0.00561032 1 2 1 36 0
Rx 0.00571032 1 2 1 36 0
Rx 0.00581032 1 2 1 36 0
Rx 0.00591032 1 2 1 36 0
Rx 0.00601032 1 2 1 36 0
Rx 0.00611032 1 2 1 36 0
Rx 0.00621032 1 2 1 36 0
Rx 0.00631032 1 2 1 36 0
Rx 0.00641032 1 2 1 36 0
Rx 0.00651032 1 2 1 36 0
Rx 0.00661032 1 2 1 36 0
Rx 0.00671032 1 2 1 36 0
Rx 0.00681032 1 2 1 36 0
Rx 0.00691032 1 2 1 36 0
Rx 0.00701032 1 2 1 36 0
Rx 0.00711032 1 2 1 36 0
Rx 0.00721032 1 2 1 36 0
Rx 0.00731032 1 2 1 36 0
Rx 0.00741032 1 2 1 36 0
Rx 0.00751032 1 2 1 36 0
Rx 0.00761032 1 2 1 36 0
Rx 0.00771032 1 2 1 36 0
Rx 0.00781032 1 2 1 36 0
Rx 0.00791032 1 2 1 36 0
Rx 0.00801032 1 2 1 36 0
Rx 0.00811032 1 2 1 36 0
Rx 0.00821032 1 2 1 36 0
Rx 0.00831032 1 2 1 36 0
Rx 0.00841032 1 2 1 36 0
Rx 0.00851032 1 2 1 36 0
Rx 0.00861032 1 2 1 36 0
Rx 0.00871032 1 2 1 36 0
Rx 0.00881032 1 2 1 36 0
Rx 0.00891032 1 2 1 36 0
Rx 0.00901032 1 2 1 36 0
Rx 0.00911032 1 2 1 36 0
Rx 0.00921032 1 2 1 36 0
Rx 0.00931032 1 2 1 36 0
Rx 0.00941032 1 2 1 36 0
Rx 0.00951032 1 2 1 36 0
Rx 0.00961032 1 2 1 36 0
Rx 0.00971032 1 2 1 36 0
Rx 0.00981032 1 2 1 36 0
Rx 0.00991032 1 2 1 36 0
Rx 0.0100103 1 2 1 36 0
Rx 0.0101103 1 2 1 36 0
Rx 0.0102103 1 2 1 36 0
Rx 0.0103103 1 2 1 36 0
Rx 0.0104103 1 2 1 36 0
Rx 0.0105103 1 2 1 36 0
Rx 0.0106103 1 2 1 36 0
Rx 0.0107103 1 2 1 36 0
Rx 0.0108103 1 2 1 36 0
Rx 0.0109103 1 2 1 36 0
Rx 0.0110103 1 2 1 36 0
Rx 0.0111103 1 2 1 36 0
Rx 0.0112103 1 2 1 36 0
Rx 0.0113103 1 2 1 36 0
Rx 0.0114103 1 2 1 36 0
Rx 0.0115103 1 2 1 36 0
Rx 0.0116103 1 2 1 36 0
Rx 0.0117103 1 2 1 36 0
Rx 0.0118103 1 2 1 36 0
Rx 0.0119103 1 2 1 36 0
Rx 0.0120103 1 2 1 36 0
Rx 0.0121103 1 2 1 36 0
Rx 0.0122103 1 2 1 36 0
Rx 0.0123103 1 2 1 36 0
Rx 0.0124103 1 2 1 36 0
Rx 0.0125103 1 2 1 36 0
Rx 0.0126103 1 2 1 36 0
Rx 0.0127103 1 2 1 36 0
Rx 0.0128103 1 2 1 36 0
Rx 0.0129103 1 2 1 36 0
Rx 0.0130103 1 2 1 36 0
Rx 0.0131103 1 2 1 36 0
Rx 0.0132103 1 2 1 36 0
Rx 0.0133103 1 2 1 36 0
Rx 0.0134103 1 2 1 36 0
Rx 0.0135103 1 2 1 36 0
Rx 0.0136103 1 2 1 36 0
Rx 0.0137103 1 2 1 36 0
Rx 0.0138103 1 2 1 36 0
Rx 0.0139103 1 2 1 36 0
Rx 0.0140103 1 2 1 36 0
Rx 0.0141103 1 2 1 36 0
Rx 0.0142103 1 2 1 36 0
Rx 0.0143103 1 2 1 36 0
Rx 0.0144103 1 2 1 36 0
Rx 0.0145103 1 2 1 36 0
Rx 0.0146103 1 2 1 36 0
Rx 0.0147103 1 2 1 36 0
Rx 0.0148103 1 2 1 36 0
Rx 0.0149103 1 2 1 36 0
Rx 0.0150103 1 2 1 36 0
Rx 0.0151103 1 2 1 36 0
Rx 0.0152103 1 2 1 36 0
Rx 0.0153103 1 2 1 36 0
Rx 0.0154103 1 2 1 36 0
Rx 0.0155103 1 2 1 36 0
Rx 0.0156103 1 2 1 36 0
Rx 0.0157103 1 2 1 36 0
Rx 0.0158103 1 2 1 36 0
Rx 0.0159103 1 2 1 36 0
Rx 0.0160103 1 2 1 36 0
Rx 0.0161103 1 2 1 36 0
Rx 0.0162103 1 2 1 36 0
Rx 0.0163103 1 2 1 36 0
Rx 0.0164103 1 2 1 36 0
Rx 0.0165103 1 2 1 36 0
Rx 0.0166103 1 2 1 36 0
Rx 0.0167103 1 2 1 36 0
Rx 0.0168103 1 2 1 36 0
Rx 0.0169103 1 2 1 36 0
Rx 0.0170103 1 2 1 36 0
Rx 0.0171103 1 2 1 36 0
Rx 0.0172103 1 2 1 36 0
Rx 0.0173103 1 2 1 36 0
Rx 0.0174103 1 2 1 36 0
Rx 0.0175103 1 2 1 36 0
Rx 0.0176103 1 2 1 36 0
Rx 0.0177103 1 2 1 36 0
Rx 0.0178103 1 2 1 36 0
Rx 0.0179103 1 2 1 36 0
Rx 0.0180103 1 2 1 36 0
Rx 0.0181103 1 2 1 36 0
Rx 0.0182103 1 2 1 36 0
Rx 0.0183103 1 2 1 36 0
Rx 0.0184103 1 2 1 36 0
Rx 0.0185103 1 2 1 36 0
Rx 0.0186103 1 2 1 36 0
Rx 0.0187103 1 2 1 36 0
Rx 0.0188103 1 2 1 36 0
Rx 0.0189103 1 2 1 36 0
Rx 0.0190103 1 2 1 36 0
Rx 0.0191103 1 2 1 36 0
Rx 0.0192103 1 2 1 36 0
Rx 0.0193103 1 2 1 36 0
Rx 0.0194103 1 2 1 36 0
Rx 0.0195103 1 2 1 36 0
Rx 0.0196103 1 2 1 36 0
Rx 0.0197103 1 2 1 36 0
Rx 0.0198103 1 2 1 36 0
Rx 0.0199103 1 2 1 36 0
Rx 0.0200103 1 2 1 36 0
Rx 0.0201103 1 2 1 36 0
Rx 0.0202103 1 2 1 36 0
Rx 0.0203103 1 2 1 36 0
Rx 0.0204103 1 2 1 36 0
Rx 0.0205103 1 2 1 36 0
Rx 0.0206103 1 2 1 36 0
Rx 0.0207103 1 2 1 36 0
Rx 0.0208103 1 2 1 36 0
Rx 0.0209103 1 2 1 36 0
Rx 0.0210103 1 2 1 36 0
Rx 0.0211103 1 2 1 36 0
Rx 0.0212103 1 2 1 36 0
Rx 0.0213103 1 2 1 36 0
Rx 0.0214103 1 2 1 36 0
Rx 0.0215103 1 2 1 36 0
Rx 0.0216103 1 2 1 36 0
Rx 0.0217103 1 2 1 36 0
Rx 0.0218103 1 2 1 36 0
Rx 0.0219103 1 2 1 36 0
Rx 0.0220103 1 2 1 36 0
Rx 0.0221103 1 2 1 36 0
Rx 0.0222103 1 2 1 36 0
Rx 0.0223103 1 2 1 36 0
Rx 0.0224103 1 2 1 36 0
Rx 0.0225103 1 2 1 36 0
Rx 0.0226103 1 2 1 36 0
Rx 0.0227103 1 2 1 36 0
Rx 0.0228103 1 2 1 36 0
Rx 0.0229103 1 2 1 36 0
Rx 0.0230103 1 2 1 36 0
Rx 0.0231103 1 2 1 36 0
Rx 0.0232103 1 2 1 36 0
Rx 0.0233103 1 2 1 36 0
Rx 0.0234103 1 2 1 36 0
Rx 0.0235103 1 2 1 36 0
Rx 0.0236103 1 2 1 36 0
Rx 0.0237103 1 2 1 36 0
Rx 0.0238103 1 2 1 36 0
