	time	frame	subF	1stSym	symbol#	cellId	rnti	ccId	tbSize	mcs	rv	SINR(dB)	corrupt	TBler
DL	0.00310832	3	1	1	1	1	1	0	48	0	0	-5.51507	 	0	0.0016056
DL	0.00311248	3	1	2	1	1	2	0	48	0	0	54.1239	 	0	0
UL	0.00350832	3	5	1	1	1	1	0	48	0	0	-5.32499 	0	0.000622549
UL	0.00351248	3	5	2	1	1	2	0	48	0	0	54.1239 	0	0
DL	0.00380832	3	8	1	1	1	2	0	1776	28	0	54.1239	 	0	0
DL	0.00390832	3	9	1	1	1	2	0	1776	28	0	54.1239	 	0	0
DL	0.00400832	4	0	1	1	1	2	0	1776	28	0	54.1239	 	0	0
DL	0.00410832	4	1	1	1	1	2	0	1776	28	0	54.1239	 	0	0
DL	0.00420832	4	2	1	1	1	2	0	1776	28	0	54.1239	 	0	0
DL	0.00430832	4	3	1	1	1	2	0	1776	28	0	54.1239	 	0	0
DL	0.00440832	4	4	1	1	1	2	0	1776	28	0	54.1239	 	0	0
DL	0.00450832	4	5	1	1	1	2	0	1776	28	0	54.1239	 	0	0
DL	0.00460832	4	6	1	1	1	2	0	1776	28	0	54.1239	 	0	0
DL	0.00470832	4	7	1	1	1	2	0	1776	28	0	54.1239	 	0	0
DL	0.00480832	4	8	1	1	1	2	0	1776	28	0	54.1239	 	0	0
DL	0.00490832	4	9	1	1	1	2	0	1776	28	0	54.1239	 	0	0
DL	0.00500832	5	0	1	1	1	2	0	1776	28	0	54.1239	 	0	0
DL	0.00510832	5	1	1	1	1	2	0	1776	28	0	54.1239	 	0	0
DL	0.00520832	5	2	1	1	1	2	0	1776	28	0	54.1239	 	0	0
DL	0.00530832	5	3	1	1	1	2	0	1776	28	0	54.1239	 	0	0
DL	0.00540832	5	4	1	1	1	2	0	1776	28	0	54.1239	 	0	0
DL	0.00550832	5	5	1	1	1	2	0	1776	28	0	54.1239	 	0	0
DL	0.00560832	5	6	1	1	1	2	0	1776	28	0	54.1239	 	0	0
DL	0.00570832	5	7	1	1	1	2	0	1776	28	0	54.1239	 	0	0
DL	0.00580832	5	8	1	1	1	2	0	1776	28	0	54.1239	 	0	0
DL	0.00590832	5	9	1	1	1	2	0	1776	28	0	54.1239	 	0	0
DL	0.00600832	6	0	1	1	1	2	0	1776	28	0	54.1239	 	0	0
DL	0.00610832	6	1	1	1	1	2	0	1776	28	0	54.1239	 	0	0
DL	0.00620832	6	2	1	1	1	2	0	1776	28	0	54.1239	 	0	0
DL	0.00630832	6	3	1	1	1	2	0	1776	28	0	54.1239	 	0	0
DL	0.00640832	6	4	1	1	1	2	0	1776	28	0	54.1239	 	0	0
DL	0.00650832	6	5	1	1	1	2	0	1776	28	0	54.1239	 	0	0
DL	0.00660832	6	6	1	1	1	2	0	1776	28	0	54.1239	 	0	0
DL	0.00670832	6	7	1	1	1	2	0	1776	28	0	54.1239	 	0	0
DL	0.00680832	6	8	1	1	1	2	0	1776	28	0	54.1239	 	0	0
DL	0.00690832	6	9	1	1	1	2	0	1776	28	0	54.1239	 	0	0
DL	0.00700832	7	0	1	1	1	2	0	1776	28	0	54.1239	 	0	0
DL	0.00710832	7	1	1	1	1	2	0	1776	28	0	54.1239	 	0	0
DL	0.00720832	7	2	1	1	1	2	0	1776	28	0	54.1239	 	0	0
DL	0.00730832	7	3	1	1	1	2	0	1776	28	0	54.1239	 	0	0
DL	0.00740832	7	4	1	1	1	2	0	1776	28	0	54.1239	 	0	0
DL	0.00750832	7	5	1	1	1	2	0	1776	28	0	54.1239	 	0	0
DL	0.00760832	7	6	1	1	1	2	0	1776	28	0	54.1239	 	0	0
DL	0.00770832	7	7	1	1	1	2	0	1776	28	0	54.1239	 	0	0
DL	0.00780832	7	8	1	1	1	2	0	1776	28	0	54.1239	 	0	0
DL	0.00790832	7	9	1	1	1	2	0	1776	28	0	54.1239	 	0	0
DL	0.00800832	8	0	1	1	1	2	0	1776	28	0	54.1239	 	0	0
DL	0.00810832	8	1	1	1	1	2	0	1776	28	0	54.1239	 	0	0
DL	0.00820832	8	2	1	1	1	2	0	1776	28	0	54.1239	 	0	0
DL	0.00830832	8	3	1	1	1	2	0	1776	28	0	54.1239	 	0	0
DL	0.00840832	8	4	1	1	1	2	0	1776	28	0	54.1239	 	0	0
DL	0.00850832	8	5	1	1	1	2	0	1776	28	0	54.1239	 	0	0
DL	0.00860832	8	6	1	1	1	2	0	1776	28	0	54.1239	 	0	0
DL	0.00870832	8	7	1	1	1	2	0	1776	28	0	54.1239	 	0	0
DL	0.00880832	8	8	1	1	1	2	0	1776	28	0	54.1239	 	0	0
DL	0.00890832	8	9	1	1	1	2	0	1776	28	0	54.1239	 	0	0
DL	0.00900832	9	0	1	1	1	2	0	1776	28	0	54.1239	 	0	0
DL	0.00910832	9	1	1	1	1	2	0	1776	28	0	54.1239	 	0	0
DL	0.00920832	9	2	1	1	1	2	0	1776	28	0	54.1239	 	0	0
DL	0.00930832	9	3	1	1	1	2	0	1776	28	0	54.1239	 	0	0
DL	0.00940832	9	4	1	1	1	2	0	1776	28	0	54.1239	 	0	0
DL	0.00950832	9	5	1	1	1	2	0	1776	28	0	54.1239	 	0	0
DL	0.00960832	9	6	1	1	1	2	0	1776	28	0	54.1239	 	0	0
DL	0.00970832	9	7	1	1	1	2	0	1776	28	0	54.1239	 	0	0
DL	0.00980832	9	8	1	1	1	2	0	1776	28	0	54.1239	 	0	0
DL	0.00990832	9	9	1	1	1	2	0	1776	28	0	54.1239	 	0	0
DL	0.0100083	10	0	1	1	1	2	0	1776	28	0	54.1239	 	0	0
DL	0.0101083	10	1	1	1	1	2	0	1776	28	0	54.1239	 	0	0
DL	0.0102083	10	2	1	1	1	2	0	1776	28	0	54.1239	 	0	0
DL	0.0103083	10	3	1	1	1	2	0	1776	28	0	54.1239	 	0	0
DL	0.0104083	10	4	1	1	1	2	0	1776	28	0	54.1239	 	0	0
DL	0.0105083	10	5	1	1	1	2	0	1776	28	0	54.1239	 	0	0
DL	0.0106083	10	6	1	1	1	2	0	1776	28	0	54.1239	 	0	0
DL	0.0107083	10	7	1	1	1	2	0	1776	28	0	54.1239	 	0	0
DL	0.0108083	10	8	1	1	1	2	0	1776	28	0	54.1239	 	0	0
DL	0.0109083	10	9	1	1	1	2	0	1776	28	0	54.1239	 	0	0
DL	0.0110083	11	0	1	1	1	2	0	1776	28	0	54.1239	 	0	0
DL	0.0111083	11	1	1	1	1	2	0	1776	28	0	54.1239	 	0	0
DL	0.0112083	11	2	1	1	1	2	0	1776	28	0	54.1239	 	0	0
DL	0.0113083	11	3	1	1	1	2	0	1776	28	0	54.1239	 	0	0
DL	0.0114083	11	4	1	1	1	2	0	1776	28	0	54.1239	 	0	0
DL	0.0115083	11	5	1	1	1	2	0	1776	28	0	54.1239	 	0	0
DL	0.0116083	11	6	1	1	1	2	0	1776	28	0	54.1239	 	0	0
DL	0.0117083	11	7	1	1	1	2	0	1776	28	0	54.1239	 	0	0
DL	0.0118083	11	8	1	1	1	2	0	1776	28	0	54.1239	 	0	0
DL	0.0119083	11	9	1	1	1	2	0	1776	28	0	54.1239	 	0	0
DL	0.0120083	12	0	1	1	1	2	0	1776	28	0	54.1239	 	0	0
DL	0.0121083	12	1	1	1	1	2	0	1776	28	0	54.1239	 	0	0
DL	0.0122083	12	2	1	1	1	2	0	1776	28	0	54.1239	 	0	0
DL	0.0123083	12	3	1	1	1	2	0	1776	28	0	54.1239	 	0	0
DL	0.0124083	12	4	1	1	1	2	0	1776	28	0	54.1239	 	0	0
DL	0.0125083	12	5	1	1	1	2	0	1776	28	0	54.1239	 	0	0
DL	0.0126083	12	6	1	1	1	2	0	1776	28	0	54.1239	 	0	0
DL	0.0127083	12	7	1	1	1	2	0	1776	28	0	54.1239	 	0	0
DL	0.0128083	12	8	1	1	1	2	0	1776	28	0	54.1239	 	0	0
DL	0.0129083	12	9	1	1	1	2	0	1776	28	0	54.1239	 	0	0
DL	0.0130083	13	0	1	1	1	2	0	1776	28	0	54.1239	 	0	0
DL	0.0131083	13	1	1	1	1	2	0	1776	28	0	54.1239	 	0	0
DL	0.0132083	13	2	1	1	1	2	0	1776	28	0	54.1239	 	0	0
DL	0.0133083	13	3	1	1	1	2	0	1776	28	0	54.1239	 	0	0
DL	0.0134083	13	4	1	1	1	2	0	1776	28	0	54.1239	 	0	0
DL	0.0135083	13	5	1	1	1	2	0	1776	28	0	54.1239	 	0	0
DL	0.0136083	13	6	1	1	1	2	0	1776	28	0	54.1239	 	0	0
DL	0.0137083	13	7	1	1	1	2	0	1776	28	0	54.1239	 	0	0
DL	0.0138083	13	8	1	1	1	2	0	1776	28	0	54.1239	 	0	0
DL	0.0139083	13	9	1	1	1	2	0	1776	28	0	54.1239	 	0	0
DL	0.0140083	14	0	1	1	1	2	0	1776	28	0	54.1239	 	0	0
DL	0.0141083	14	1	1	1	1	2	0	1776	28	0	54.1239	 	0	0
DL	0.0142083	14	2	1	1	1	2	0	1776	28	0	54.1239	 	0	0
DL	0.0143083	14	3	1	1	1	2	0	1776	28	0	54.1239	 	0	0
DL	0.0144083	14	4	1	1	1	2	0	1776	28	0	54.1239	 	0	0
DL	0.0145083	14	5	1	1	1	2	0	1776	28	0	54.1239	 	0	0
DL	0.0146083	14	6	1	1	1	2	0	1776	28	0	54.1239	 	0	0
DL	0.0147083	14	7	1	1	1	2	0	1776	28	0	54.1239	 	0	0
DL	0.0148083	14	8	1	1	1	2	0	1776	28	0	54.1239	 	0	0
DL	0.0149083	14	9	1	1	1	2	0	1776	28	0	54.1239	 	0	0
DL	0.0150083	15	0	1	1	1	2	0	1776	28	0	54.1239	 	0	0
DL	0.0151083	15	1	1	1	1	2	0	1776	28	0	54.1239	 	0	0
DL	0.0152083	15	2	1	1	1	2	0	1776	28	0	54.1239	 	0	0
DL	0.0153083	15	3	1	1	1	2	0	1776	28	0	54.1239	 	0	0
DL	0.0154083	15	4	1	1	1	2	0	1776	28	0	54.1239	 	0	0
DL	0.0155083	15	5	1	1	1	2	0	1776	28	0	54.1239	 	0	0
DL	0.0156083	15	6	1	1	1	2	0	1776	28	0	54.1239	 	0	0
DL	0.0157083	15	7	1	1	1	2	0	1776	28	0	54.1239	 	0	0
DL	0.0158083	15	8	1	1	1	2	0	1776	28	0	54.1239	 	0	0
DL	0.0159083	15	9	1	1	1	2	0	1776	28	0	54.1239	 	0	0
DL	0.0160083	16	0	1	1	1	2	0	1776	28	0	54.1239	 	0	0
DL	0.0161083	16	1	1	1	1	2	0	1776	28	0	54.1239	 	0	0
DL	0.0162083	16	2	1	1	1	2	0	1776	28	0	54.1239	 	0	0
DL	0.0163083	16	3	1	1	1	2	0	1776	28	0	54.1239	 	0	0
DL	0.0164083	16	4	1	1	1	2	0	1776	28	0	54.1239	 	0	0
DL	0.0165083	16	5	1	1	1	2	0	1776	28	0	54.1239	 	0	0
DL	0.0166083	16	6	1	1	1	2	0	1776	28	0	54.1239	 	0	0
DL	0.0167083	16	7	1	1	1	2	0	1776	28	0	54.1239	 	0	0
DL	0.0168083	16	8	1	1	1	2	0	1776	28	0	54.1239	 	0	0
DL	0.0169083	16	9	1	1	1	2	0	1776	28	0	54.1239	 	0	0
DL	0.0170083	17	0	1	1	1	2	0	1776	28	0	54.1239	 	0	0
DL	0.0171083	17	1	1	1	1	2	0	1776	28	0	54.1239	 	0	0
DL	0.0172083	17	2	1	1	1	2	0	1776	28	0	54.1239	 	0	0
DL	0.0173083	17	3	1	1	1	2	0	1776	28	0	54.1239	 	0	0
DL	0.0174083	17	4	1	1	1	2	0	1776	28	0	54.1239	 	0	0
DL	0.0175083	17	5	1	1	1	2	0	1776	28	0	54.1239	 	0	0
DL	0.0176083	17	6	1	1	1	2	0	1776	28	0	54.1239	 	0	0
DL	0.0177083	17	7	1	1	1	2	0	1776	28	0	54.1239	 	0	0
DL	0.0178083	17	8	1	1	1	2	0	1776	28	0	54.1239	 	0	0
DL	0.0179083	17	9	1	1	1	2	0	1776	28	0	54.1239	 	0	0
DL	0.0180083	18	0	1	1	1	2	0	1776	28	0	54.1239	 	0	0
DL	0.0181083	18	1	1	1	1	2	0	1776	28	0	54.1239	 	0	0
DL	0.0182083	18	2	1	1	1	2	0	1776	28	0	54.1239	 	0	0
DL	0.0183083	18	3	1	1	1	2	0	1776	28	0	54.1239	 	0	0
DL	0.0184083	18	4	1	1	1	2	0	1776	28	0	54.1239	 	0	0
DL	0.0185083	18	5	1	1	1	2	0	1776	28	0	54.1239	 	0	0
DL	0.0186083	18	6	1	1	1	2	0	1776	28	0	54.1239	 	0	0
DL	0.0187083	18	7	1	1	1	2	0	1776	28	0	54.1239	 	0	0
DL	0.0188083	18	8	1	1	1	2	0	1776	28	0	54.1239	 	0	0
DL	0.0189083	18	9	1	1	1	2	0	1776	28	0	54.1239	 	0	0
DL	0.0190083	19	0	1	1	1	2	0	1776	28	0	54.1239	 	0	0
DL	0.0191083	19	1	1	1	1	2	0	1776	28	0	54.1239	 	0	0
DL	0.0192083	19	2	1	1	1	2	0	1776	28	0	54.1239	 	0	0
DL	0.0193083	19	3	1	1	1	2	0	1776	28	0	54.1239	 	0	0
DL	0.0194083	19	4	1	1	1	2	0	1776	28	0	54.1239	 	0	0
DL	0.0195083	19	5	1	1	1	2	0	1776	28	0	54.1239	 	0	0
DL	0.0196083	19	6	1	1	1	2	0	1776	28	0	54.1239	 	0	0
DL	0.0197083	19	7	1	1	1	2	0	1776	28	0	54.1239	 	0	0
DL	0.0198083	19	8	1	1	1	2	0	1776	28	0	54.1239	 	0	0
DL	0.0199083	19	9	1	1	1	2	0	1776	28	0	54.1239	 	0	0
DL	0.0200083	20	0	1	1	1	2	0	1776	28	0	54.1239	 	0	0
DL	0.0201083	20	1	1	1	1	2	0	1776	28	0	54.1239	 	0	0
DL	0.0202083	20	2	1	1	1	2	0	1776	28	0	54.1239	 	0	0
DL	0.0203083	20	3	1	1	1	2	0	1776	28	0	54.1239	 	0	0
DL	0.0204083	20	4	1	1	1	2	0	1776	28	0	54.1239	 	0	0
DL	0.0205083	20	5	1	1	1	2	0	1776	28	0	54.1239	 	0	0
DL	0.0206083	20	6	1	1	1	2	0	1776	28	0	54.1239	 	0	0
DL	0.0207083	20	7	1	1	1	2	0	1776	28	0	54.1239	 	0	0
DL	0.0208083	20	8	1	1	1	2	0	1776	28	0	54.1239	 	0	0
DL	0.0209083	20	9	1	1	1	2	0	1776	28	0	54.1239	 	0	0
DL	0.0210083	21	0	1	1	1	2	0	1776	28	0	54.1239	 	0	0
DL	0.0211083	21	1	1	1	1	2	0	1776	28	0	54.1239	 	0	0
DL	0.0212083	21	2	1	1	1	2	0	1776	28	0	54.1239	 	0	0
DL	0.0213083	21	3	1	1	1	2	0	1776	28	0	54.1239	 	0	0
DL	0.0214083	21	4	1	1	1	2	0	1776	28	0	54.1239	 	0	0
DL	0.0215083	21	5	1	1	1	2	0	1776	28	0	54.1239	 	0	0
DL	0.0216083	21	6	1	1	1	2	0	1776	28	0	54.1239	 	0	0
DL	0.0217083	21	7	1	1	1	2	0	1776	28	0	54.1239	 	0	0
DL	0.0218083	21	8	1	1	1	2	0	1776	28	0	54.1239	 	0	0
DL	0.0219083	21	9	1	1	1	2	0	1776	28	0	54.1239	 	0	0
DL	0.0220083	22	0	1	1	1	2	0	1776	28	0	54.1239	 	0	0
DL	0.0221083	22	1	1	1	1	2	0	1776	28	0	54.1239	 	0	0
DL	0.0222083	22	2	1	1	1	2	0	1776	28	0	54.1239	 	0	0
DL	0.0223083	22	3	1	1	1	2	0	1776	28	0	54.1239	 	0	0
DL	0.0224083	22	4	1	1	1	2	0	1776	28	0	54.1239	 	0	0
DL	0.0225083	22	5	1	1	1	2	0	1776	28	0	54.1239	 	0	0
DL	0.0226083	22	6	1	1	1	2	0	1776	28	0	54.1239	 	0	0
DL	0.0227083	22	7	1	1	1	2	0	1776	28	0	54.1239	 	0	0
DL	0.0228083	22	8	1	1	1	2	0	1776	28	0	54.1239	 	0	0
DL	0.0229083	22	9	1	1	1	2	0	1776	28	0	54.1239	 	0	0
DL	0.0230083	23	0	1	1	1	2	0	1776	28	0	54.1239	 	0	0
DL	0.0231083	23	1	1	1	1	2	0	1776	28	0	54.1239	 	0	0
DL	0.0232083	23	2	1	1	1	2	0	1776	28	0	54.1239	 	0	0
DL	0.0233083	23	3	1	1	1	2	0	1776	28	0	54.1239	 	0	0
DL	0.0234083	23	4	1	1	1	2	0	1776	28	0	54.1239	 	0	0
DL	0.0235083	23	5	1	1	1	2	0	1776	28	0	54.1239	 	0	0
DL	0.0236083	23	6	1	1	1	2	0	1776	28	0	54.1239	 	0	0
DL	0.0237083	23	7	1	1	1	2	0	1776	28	0	54.1239	 	0	0
DL	0.0238083	23	8	1	1	1	2	0	1776	28	0	54.1239	 	0	0
