Rx 0.00351032 1 1 1 8 106160
Rx 0.00351448 1 2 1 8 110320
Rx 0.00381864 1 1 1 8 0
Rx 0.0038228 1 2 1 8 0
Tx 0.00400416 1 2 1 2 
Tx 0.00400416 1 2 1 7 
Tx 0.00400416 1 1 1 2 
Tx 0.00400416 1 1 1 7 
Rx 0.00411864 1 1 1 2 0
Rx 0.00411864 1 1 1 7 114480
Rx 0.0041228 1 2 1 2 0
Rx 0.0041228 1 2 1 7 118640
Rx 0.00421864 1 1 1 7 0
Rx 0.0042228 1 2 1 7 0
Rx 0.00431864 1 1 1 7 0
Rx 0.0043228 1 2 1 7 0
Rx 0.00441864 1 1 1 7 0
Rx 0.0044228 1 2 1 7 0
Rx 0.00451032 1 1 1 7 0
Rx 0.00451448 1 2 1 7 0
Rx 0.00461032 1 1 1 7 0
Rx 0.00461448 1 2 1 7 0
Rx 0.00471032 1 1 1 7 0
Rx 0.00471448 1 2 1 7 0
Rx 0.00481032 1 1 1 7 0
Rx 0.00481448 1 2 1 7 0
Rx 0.00491864 1 1 1 7 0
Rx 0.0049228 1 2 1 7 0
Tx 0.00500416 1 2 1 2 
Tx 0.00500416 1 1 1 2 
Rx 0.00501032 1 1 1 7 0
Rx 0.00501448 1 2 1 7 0
Rx 0.00511032 1 1 1 2 0
Rx 0.00511448 1 2 1 2 0
Tx 1.0042 1 1 3 234 
Rx 1.00431 1 1 3 234 106160
Rx 1.00461 1 1 3 234 0
Tx 2.0002 1 1 3 290 
Rx 2.00031 1 1 3 290 106160
Rx 2.00062 1 1 3 290 0
Tx 2.0009 1 2 3 2 
Tx 2.0009 1 2 3 94 
Rx 2.00101 1 2 3 2 0
Rx 2.00101 1 2 3 94 110320
Rx 2.00111 1 2 3 94 0
Rx 2.00121 1 2 3 94 0
Rx 2.00132 1 2 3 94 0
Rx 2.00141 1 2 3 94 0
Tx 2.0016 1 1 3 2 
Rx 2.00171 1 1 3 2 0
Tx 2.5016 1 1 3 62 
Rx 2.50171 1 1 3 62 106160
Rx 2.50202 1 1 3 62 0
Tx 2.5023 1 2 3 2 
Tx 2.5023 1 2 3 62 
Rx 2.50241 1 2 3 2 0
Rx 2.50241 1 2 3 62 110320
Rx 2.50251 1 2 3 62 0
Rx 2.50261 1 2 3 62 0
Rx 2.50272 1 2 3 62 0
Rx 2.50281 1 2 3 62 0
Rx 2.50291 1 2 3 62 0
Tx 2.503 1 1 3 2 
Tx 2.503 1 1 3 1614 
Rx 2.50301 1 2 3 62 0
Rx 2.50311 1 2 3 62 0
Rx 2.50312 1 1 3 2 0
Rx 2.50312 1 1 3 1614 118640
Rx 2.50321 1 2 3 62 0
Rx 2.50322 1 1 3 1614 0
Rx 2.50332 1 1 3 1614 0
Rx 2.50342 1 1 3 1614 0
Rx 2.50352 1 1 3 1614 0
Rx 2.50362 1 1 3 1614 0
Tx 2.5037 1 2 3 2 
Tx 2.5037 1 2 3 58 
Rx 2.50372 1 1 3 1614 0
Rx 2.50381 1 2 3 2 0
Rx 2.50381 1 2 3 58 110320
Rx 2.50382 1 1 3 1614 0
Rx 2.50391 1 2 3 58 0
Rx 2.50392 1 1 3 1614 0
Rx 2.50401 1 2 3 58 0
Rx 2.50402 1 1 3 1614 0
Rx 2.50412 1 2 3 58 0
Rx 2.50413 1 1 3 1614 0
Tx 2.5042 1 1 3 2 
Tx 2.5042 1 1 3 3114 
Rx 2.50421 1 2 3 58 0
Rx 2.50422 1 1 3 1614 0
Rx 2.50432 1 1 3 2 0
Rx 2.50432 1 1 3 3114 118640
Rx 2.50442 1 1 3 3114 0
Rx 2.50452 1 1 3 3114 0
Rx 2.50463 1 1 3 3114 0
Rx 2.50472 1 1 3 3114 0
Rx 2.50482 1 1 3 3114 0
Tx 2.5049 1 2 3 2 
Tx 2.5049 1 2 3 114 
Rx 2.50492 1 1 3 3114 0
Rx 2.50502 1 2 3 2 0
Rx 2.50502 1 2 3 114 114480
Rx 2.50503 1 1 3 3114 0
Rx 2.50512 1 2 3 114 0
Rx 2.50513 1 1 3 3114 0
Tx 2.5052 1 1 3 2 
Rx 2.50521 1 2 3 114 0
Rx 2.50522 1 1 3 3114 0
Rx 2.50531 1 2 3 114 0
Rx 2.50532 1 1 3 2 0
Tx 2.5054 1 1 3 3554 
Rx 2.50541 1 2 3 114 0
Tx 2.5055 1 1 3 2675 
Rx 2.50551 1 2 3 114 0
Rx 2.50552 1 1 3 3554 118640
Rx 2.50561 1 2 3 114 0
Rx 2.50563 1 1 3 2675 126960
Rx 2.50571 1 2 3 114 0
Rx 2.50572 1 1 3 3554 0
Rx 2.50582 1 2 3 114 0
Rx 2.50584 1 1 3 2675 0
Tx 2.5059 1 2 3 2 
Rx 2.50592 1 2 3 114 0
Rx 2.50593 1 1 3 3554 0
Rx 2.50602 1 2 3 2 0
Rx 2.50604 1 1 3 2675 0
Tx 2.5061 1 2 3 225 
Rx 2.50613 1 2 3 114 0
Rx 2.50614 1 1 3 3554 0
Tx 2.5062 1 1 3 2 
Rx 2.50622 1 2 3 225 114480
Rx 2.50623 1 1 3 2675 0
Rx 2.50632 1 2 3 225 0
Rx 2.50633 1 1 3 2 0
Rx 2.50642 1 2 3 225 0
Rx 2.50652 1 2 3 225 0
Rx 2.50662 1 2 3 225 0
Rx 2.50672 1 2 3 225 0
Rx 2.50682 1 2 3 225 0
Tx 2.5069 1 2 3 2 
Tx 2.5069 1 1 3 12447 
Rx 2.50692 1 2 3 225 0
Rx 2.50705 1 1 3 12447 147760
Rx 2.50706 1 2 3 2 0
Rx 2.50724 1 1 3 12447 0
Tx 2.5073 1 1 3 2 
Rx 2.50744 1 1 3 2 0
Tx 2.5076 1 2 3 447 
Rx 2.50774 1 2 3 447 139440
Rx 2.50781 1 2 3 447 0
Tx 2.5079 1 2 3 2 
Rx 2.50794 1 2 3 447 0
Rx 2.50802 1 2 3 2 0
Tx 2.5083 1 1 3 2 
Tx 2.5084 1 1 3 24891 
Rx 2.50849 1 1 3 2 0
Rx 2.5086 1 1 3 24891 193520
Rx 2.50861 1 1 3 3554 0
Rx 2.50877 1 1 3 21364 0
Rx 2.50887 1 1 3 24891 0
Rx 2.509 1 1 3 19588 0
Rx 2.50908 1 1 3 5330 0
Rx 2.5092 1 1 3 19588 0
Tx 2.5092 1 2 3 2 
Tx 2.5092 1 2 3 891 
Rx 2.50928 1 1 3 5330 0
Rx 2.50935 1 2 3 2 0
Rx 2.50935 1 2 3 891 147760
Rx 2.5094 1 1 3 19588 0
Rx 2.50948 1 1 3 5330 0
Rx 2.50949 1 2 3 891 0
Rx 2.50955 1 2 3 891 0
Rx 2.50965 1 2 3 891 0
Rx 2.50975 1 2 3 891 0
Tx 2.5098 1 1 3 2 
Tx 2.5098 1 1 3 35617 
Rx 2.50982 1 2 3 891 0
Tx 2.5099 1 1 3 14166 
Rx 2.50999 1 1 3 2 0
Rx 2.50999 1 1 3 35617 189360
Rx 2.51 1 2 3 891 0
Rx 2.51001 1 2 3 891 0
Rx 2.5101 1 1 3 14166 193520
Rx 2.51011 1 2 3 891 0
Rx 2.51016 1 1 3 17805 0
Rx 2.51023 1 2 3 891 0
Rx 2.5103 1 1 3 17849 0
Tx 2.5103 1 2 3 2 
Tx 2.5103 1 2 3 225 
Rx 2.5104 1 1 3 14166 0
Rx 2.51046 1 2 3 2 0
Rx 2.51046 1 2 3 225 151920
Rx 2.5105 1 1 3 17805 0
Rx 2.51059 1 1 3 17849 0
Rx 2.5106 1 2 3 225 0
Tx 2.5106 1 2 3 1224 
Rx 2.51063 1 2 3 225 0
Rx 2.51076 1 2 3 1224 151920
Rx 2.51088 1 2 3 225 0
Tx 2.5109 1 2 3 336 
Tx 2.5109 1 1 3 2 
Tx 2.5109 1 1 3 12447 
Rx 2.51094 1 2 3 1224 0
Rx 2.51109 1 1 3 2 0
Rx 2.51109 1 1 3 12447 189360
Rx 2.5111 1 2 3 336 193520
Rx 2.51118 1 2 3 225 0
Rx 2.51126 1 1 3 12447 0
Rx 2.51127 1 2 3 1224 0
Tx 2.5113 1 2 3 2 
Tx 2.5113 1 1 3 14243 
Rx 2.51136 1 1 3 12447 0
Rx 2.51137 1 2 3 336 0
Tx 2.5114 1 1 3 32059 
Rx 2.51147 1 1 3 14243 168560
Rx 2.51148 1 2 3 2 0
Tx 2.5115 1 1 3 21370 
Rx 2.51152 1 2 3 336 0
Rx 2.5116 1 1 3 32059 193520
Tx 2.5116 1 1 3 785 
Rx 2.5117 1 1 3 21370 193520
Tx 2.5117 1 2 3 447 
Rx 2.51175 1 2 3 336 0
Rx 2.51179 1 1 3 785 189360
Rx 2.51182 1 2 3 447 114480
Rx 2.51182 1 1 3 1772 0
Tx 2.5119 1 1 3 2 
Rx 2.51195 1 2 3 336 0
Rx 2.512 1 1 3 12489 0
Rx 2.51209 1 1 3 2 0
Rx 2.5121 1 2 3 447 0
Rx 2.51219 1 1 3 17805 0
Rx 2.5122 1 2 3 336 0
Tx 2.5122 1 2 3 1834 
Rx 2.51229 1 1 3 14288 0
Rx 2.5123 1 2 3 447 0
Tx 2.5123 1 2 3 2 
Rx 2.51239 1 1 3 21370 0
Rx 2.5124 1 2 3 1834 193520
Tx 2.5124 1 1 3 23150 
Rx 2.51242 1 2 3 2 0
Rx 2.5125 1 1 3 785 0
Tx 2.5125 1 1 3 17300 
Rx 2.51257 1 1 3 23150 164400
Rx 2.51266 1 1 3 17300 151920
Rx 2.5128 1 1 3 23150 0
Tx 2.5128 1 1 3 17805 
Rx 2.5129 1 1 3 17300 0
Tx 2.5129 1 1 3 2 
Rx 2.513 1 1 3 17805 193520
Tx 2.513 1 1 3 30277 
Rx 2.5131 1 1 3 2 0
Tx 2.5131 1 1 3 17805 
Rx 2.5132 1 1 3 30277 193520
Tx 2.5132 1 2 3 2056 
Tx 2.5132 1 1 3 16026 
Rx 2.51326 1 2 3 1834 0
Rx 2.5133 1 1 3 17805 193520
Tx 2.5133 1 2 3 2 
Tx 2.5133 1 1 3 17805 
Rx 2.51339 1 1 3 16026 181040
Rx 2.51339 1 2 3 2056 189360
Tx 2.5134 1 1 3 6080 
Rx 2.51349 1 1 3 17805 181040
Rx 2.5135 1 2 3 2 0
Rx 2.5136 1 1 3 6080 193520
Rx 2.5137 1 1 3 7116 0
Rx 2.5138 1 1 3 16026 0
Rx 2.5139 1 1 3 17805 0
Tx 2.5139 1 1 3 2 
Rx 2.514 1 1 3 6080 0
Tx 2.514 1 1 3 19588 
Rx 2.5141 1 1 3 2 0
Tx 2.5141 1 2 3 2334 
Tx 2.5141 1 1 3 17805 
Rx 2.51415 1 2 3 2056 0
Rx 2.5142 1 1 3 19588 193520
Tx 2.5142 1 1 3 19588 
Rx 2.51426 1 2 3 2334 151920
Rx 2.5143 1 1 3 17805 193520
Tx 2.5143 1 2 3 2 
Tx 2.5143 1 1 3 16026 
Rx 2.51439 1 1 3 19588 181040
Rx 2.5144 1 2 3 2056 0
Tx 2.5144 1 1 3 16026 
Rx 2.51446 1 2 3 2 0
Rx 2.5145 1 1 3 16026 193520
Tx 2.5145 1 2 3 1390 
Tx 2.5145 1 1 3 17805 
Rx 2.51459 1 1 3 16026 185200
Rx 2.5146 1 2 3 2334 0
Tx 2.5146 1 1 3 8297 
Rx 2.51469 1 1 3 17805 185200
Rx 2.5147 1 2 3 1390 193520
Rx 2.51479 1 1 3 8297 189360
Rx 2.5148 1 2 3 1772 0
Rx 2.51488 1 2 3 628 0
Rx 2.5149 1 1 3 8899 0
Tx 2.5149 1 2 3 2778 
Tx 2.5149 1 1 3 2 
Rx 2.51498 1 1 3 10711 0
Rx 2.515 1 2 3 1390 0
Rx 2.51509 1 1 3 2 0
Rx 2.51509 1 2 3 2778 189360
Rx 2.51519 1 1 3 16026 0
Rx 2.5152 1 2 3 2334 0
Rx 2.51526 1 2 3 1390 0
Rx 2.51529 1 1 3 10681 0
Tx 2.5153 1 2 3 2 
Rx 2.51536 1 2 3 2778 0
Rx 2.5154 1 1 3 5366 0
Rx 2.51548 1 1 3 14243 0
Rx 2.51549 1 2 3 2 0
Rx 2.51559 1 1 3 3583 0
Tx 2.5156 1 1 3 19588 
Rx 2.5157 1 1 3 8297 0
Tx 2.5157 1 1 3 19588 
Rx 2.5158 1 1 3 19588 193520
Tx 2.5158 1 1 3 19588 
Rx 2.5159 1 1 3 19588 193520
Tx 2.5159 1 1 3 2 
Rx 2.516 1 1 3 19588 193520
Tx 2.516 1 1 3 19588 
Rx 2.5161 1 1 3 2 0
Tx 2.5161 1 1 3 19588 
Rx 2.5162 1 1 3 19588 193520
Tx 2.5162 1 1 3 19588 
Rx 2.5163 1 1 3 19588 193520
Tx 2.5163 1 1 3 19588 
Rx 2.5164 1 1 3 19588 193520
Tx 2.5164 1 2 3 2 
Tx 2.5164 1 2 3 2722 
Tx 2.5164 1 1 3 17805 
Rx 2.5165 1 1 3 19588 193520
Tx 2.5165 1 1 3 19588 
Rx 2.51659 1 1 3 17805 185200
Rx 2.5166 1 2 3 2 0
Rx 2.5166 1 2 3 2722 193520
Tx 2.5166 1 1 3 19588 
Rx 2.5167 1 1 3 19588 193520
Tx 2.5167 1 2 3 1945 
Tx 2.5167 1 1 3 17805 
Rx 2.51675 1 2 3 2722 0
Rx 2.5168 1 1 3 19588 193520
Tx 2.5168 1 1 3 21370 
Rx 2.51686 1 2 3 1945 151920
Rx 2.5169 1 1 3 17805 193520
Tx 2.5169 1 1 3 2 
Rx 2.517 1 1 3 21370 193520
Tx 2.517 1 1 3 14243 
Rx 2.51706 1 2 3 2722 0
Rx 2.51709 1 1 3 2 0
Tx 2.5171 1 2 3 2056 
Tx 2.5171 1 1 3 19588 
Rx 2.51716 1 2 3 1945 0
Rx 2.51719 1 1 3 14243 189360
Tx 2.5172 1 1 3 16026 
Rx 2.51725 1 2 3 2056 147760
Rx 2.5173 1 1 3 19588 193520
Tx 2.5173 1 1 3 12461 
Rx 2.51736 1 2 3 2722 0
Rx 2.5174 1 1 3 16026 193520
Tx 2.5174 1 2 3 2 
Tx 2.5174 1 1 3 16026 
Rx 2.51747 1 1 3 12461 168560
Rx 2.51749 1 2 3 2056 0
Tx 2.5175 1 2 3 1390 
Tx 2.5175 1 1 3 16026 
Rx 2.51759 1 1 3 16026 181040
Rx 2.5176 1 2 3 2 0
Tx 2.5176 1 1 3 19588 
Rx 2.51769 1 1 3 16026 185200
Rx 2.51769 1 2 3 1390 189360
Tx 2.5177 1 1 3 17805 
Rx 2.51779 1 1 3 19588 189360
Rx 2.5178 1 2 3 1772 0
Tx 2.5178 1 1 3 17805 
Rx 2.51786 1 2 3 342 0
Rx 2.5179 1 1 3 17805 193520
Tx 2.5179 1 2 3 2389 
Tx 2.5179 1 1 3 2 
Rx 2.51799 1 1 3 17805 181040
Rx 2.518 1 2 3 1390 0
Tx 2.518 1 1 3 16026 
Rx 2.51806 1 2 3 2389 151920
Rx 2.5181 1 1 3 2 0
Tx 2.5181 1 1 3 10681 
Rx 2.51819 1 1 3 16026 181040
Rx 2.51819 1 2 3 2056 0
Tx 2.5182 1 1 3 12461 
Rx 2.51828 1 1 3 10681 172720
Rx 2.51829 1 2 3 1390 0
Tx 2.5183 1 2 3 1612 
Tx 2.5183 1 1 3 16026 
Rx 2.51838 1 1 3 12461 176880
Rx 2.5184 1 2 3 2389 0
Tx 2.5184 1 2 3 2 
Tx 2.5184 1 1 3 16026 
Rx 2.51849 1 1 3 16026 181040
Rx 2.5185 1 2 3 1612 193520
Tx 2.5185 1 1 3 16026 
Rx 2.51859 1 1 3 16026 185200
Rx 2.5186 1 2 3 2 0
Tx 2.5186 1 1 3 14243 
Rx 2.51869 1 1 3 16026 181040
Rx 2.5187 1 2 3 2389 0
Tx 2.5187 1 2 3 2167 
Tx 2.5187 1 1 3 16026 
Rx 2.51878 1 1 3 14243 172720
Rx 2.51879 1 2 3 1612 0
Tx 2.5188 1 1 3 16026 
Rx 2.51889 1 1 3 16026 181040
Rx 2.51889 1 2 3 2167 189360
Tx 2.5189 1 1 3 2 
Rx 2.51899 1 1 3 16026 181040
Rx 2.51899 1 2 3 2389 0
Tx 2.519 1 1 3 12461 
Rx 2.51908 1 1 3 2 0
Rx 2.5191 1 2 3 1612 0
Tx 2.5191 1 2 3 2056 
Tx 2.5191 1 1 3 14243 
Rx 2.51918 1 1 3 12461 172720
Rx 2.51919 1 2 3 2167 0
Tx 2.5192 1 1 3 16026 
Rx 2.51929 1 1 3 14243 181040
Rx 2.5193 1 2 3 2056 193520
Tx 2.5193 1 1 3 12461 
Rx 2.51939 1 1 3 16026 181040
Rx 2.51939 1 2 3 2389 0
Tx 2.5194 1 2 3 2 
Tx 2.5194 1 1 3 14243 
Rx 2.51947 1 1 3 12461 168560
Rx 2.51949 1 2 3 2056 0
Tx 2.5195 1 2 3 1446 
Tx 2.5195 1 1 3 17805 
Rx 2.51958 1 1 3 14243 172720
Rx 2.51959 1 2 3 2 0
Tx 2.5196 1 1 3 19588 
Rx 2.51969 1 1 3 17805 189360
Rx 2.5197 1 2 3 1446 193520
Tx 2.5197 1 1 3 17805 
Rx 2.51979 1 1 3 19588 189360
Rx 2.5198 1 2 3 1772 0
Tx 2.5198 1 1 3 17805 
Rx 2.51986 1 2 3 342 0
Rx 2.5199 1 1 3 17805 193520
Tx 2.5199 1 2 3 2334 
Tx 2.5199 1 1 3 2 
Rx 2.51999 1 1 3 17805 181040
Rx 2.52 1 2 3 1446 0
Tx 2.52 1 1 3 16026 
Rx 2.52006 1 2 3 2334 151920
Rx 2.5201 1 1 3 2 0
Tx 2.5201 1 1 3 10681 
Rx 2.52019 1 1 3 16026 181040
Rx 2.52019 1 2 3 2056 0
Tx 2.5202 1 1 3 12461 
Rx 2.52027 1 1 3 10681 168560
Rx 2.52029 1 2 3 1446 0
Tx 2.5203 1 2 3 1668 
Tx 2.5203 1 1 3 16026 
Rx 2.52038 1 1 3 12461 176880
Rx 2.5204 1 2 3 2334 0
Tx 2.5204 1 2 3 2 
Tx 2.5204 1 1 3 16026 
Rx 2.52049 1 1 3 16026 181040
Rx 2.5205 1 2 3 1668 193520
Tx 2.5205 1 1 3 16026 
Rx 2.52059 1 1 3 16026 185200
Rx 2.5206 1 2 3 2 0
Tx 2.5206 1 1 3 14243 
Rx 2.52069 1 1 3 16026 181040
Rx 2.5207 1 2 3 2334 0
Tx 2.5207 1 2 3 2167 
Tx 2.5207 1 1 3 16026 
Rx 2.52078 1 1 3 14243 172720
Rx 2.52079 1 2 3 1668 0
Tx 2.5208 1 1 3 16026 
Rx 2.52089 1 1 3 16026 181040
Rx 2.52089 1 2 3 2167 189360
Tx 2.5209 1 1 3 2 
Rx 2.52099 1 1 3 16026 181040
Rx 2.52099 1 2 3 2334 0
Tx 2.521 1 1 3 12461 
Rx 2.52107 1 1 3 2 0
Rx 2.52109 1 2 3 1668 0
Tx 2.5211 1 2 3 2056 
Tx 2.5211 1 1 3 14243 
Rx 2.52118 1 1 3 12461 172720
Rx 2.52119 1 2 3 2167 0
Tx 2.5212 1 1 3 16026 
Rx 2.52129 1 1 3 14243 181040
Rx 2.5213 1 2 3 2056 193520
Tx 2.5213 1 1 3 12461 
Rx 2.52139 1 1 3 16026 181040
Rx 2.52139 1 2 3 2334 0
Tx 2.5214 1 2 3 2 
Tx 2.5214 1 1 3 14243 
Rx 2.52147 1 1 3 12461 168560
Rx 2.52149 1 2 3 2056 0
Tx 2.5215 1 2 3 1446 
Tx 2.5215 1 1 3 17805 
Rx 2.52158 1 1 3 14243 172720
Rx 2.52159 1 2 3 2 0
Tx 2.5216 1 1 3 19588 
Rx 2.52169 1 1 3 17805 189360
Rx 2.5217 1 2 3 1446 193520
Tx 2.5217 1 1 3 17805 
Rx 2.52179 1 1 3 19588 189360
Rx 2.5218 1 2 3 1772 0
Tx 2.5218 1 1 3 17805 
Rx 2.52186 1 2 3 342 0
Rx 2.5219 1 1 3 17805 193520
Tx 2.5219 1 2 3 2334 
Tx 2.5219 1 1 3 2 
Rx 2.52199 1 1 3 17805 181040
Rx 2.522 1 2 3 1446 0
Tx 2.522 1 1 3 16026 
Rx 2.52206 1 2 3 2334 151920
Rx 2.5221 1 1 3 2 0
Tx 2.5221 1 1 3 10681 
Rx 2.52219 1 1 3 16026 181040
Rx 2.52219 1 2 3 2056 0
Tx 2.5222 1 1 3 12461 
Rx 2.52227 1 1 3 10681 168560
Rx 2.52229 1 2 3 1446 0
Tx 2.5223 1 2 3 1668 
Tx 2.5223 1 1 3 16026 
Rx 2.52238 1 1 3 12461 176880
Rx 2.5224 1 2 3 2334 0
Tx 2.5224 1 2 3 2 
Tx 2.5224 1 1 3 16026 
Rx 2.52249 1 1 3 16026 181040
Rx 2.5225 1 2 3 1668 193520
Tx 2.5225 1 1 3 16026 
Rx 2.52259 1 1 3 16026 185200
Rx 2.5226 1 2 3 2 0
Tx 2.5226 1 1 3 16026 
Rx 2.52269 1 1 3 16026 181040
Rx 2.5227 1 2 3 2334 0
Tx 2.5227 1 2 3 2167 
Tx 2.5227 1 1 3 16026 
Rx 2.52278 1 1 3 16026 176880
Rx 2.5228 1 2 3 1668 0
Tx 2.5228 1 1 3 16026 
Rx 2.52289 1 1 3 16026 181040
Rx 2.52289 1 2 3 2167 189360
Tx 2.5229 1 1 3 2 
Rx 2.52299 1 1 3 16026 181040
Rx 2.52299 1 2 3 2334 0
Tx 2.523 1 1 3 12461 
Rx 2.52307 1 1 3 2 0
Rx 2.52309 1 2 3 1668 0
Tx 2.5231 1 2 3 2112 
Tx 2.5231 1 1 3 14243 
Rx 2.52318 1 1 3 12461 172720
Rx 2.52319 1 2 3 2167 0
Tx 2.5232 1 1 3 16026 
Rx 2.52329 1 1 3 14243 181040
Rx 2.5233 1 2 3 2112 193520
Tx 2.5233 1 1 3 12461 
Rx 2.52339 1 1 3 16026 181040
Rx 2.52339 1 2 3 2334 0
Tx 2.5234 1 2 3 2 
Tx 2.5234 1 1 3 14243 
Rx 2.52347 1 1 3 12461 168560
Rx 2.52349 1 2 3 2112 0
Tx 2.5235 1 2 3 1446 
Tx 2.5235 1 1 3 17805 
Rx 2.52358 1 1 3 14243 172720
Rx 2.52359 1 2 3 2 0
Tx 2.5236 1 1 3 19588 
Rx 2.52369 1 1 3 17805 189360
Rx 2.5237 1 2 3 1446 193520
Tx 2.5237 1 1 3 17805 
Rx 2.52379 1 1 3 19588 189360
Rx 2.5238 1 2 3 1772 0
Tx 2.5238 1 1 3 16026 
Rx 2.52386 1 2 3 400 0
Rx 2.5239 1 1 3 17805 193520
Tx 2.5239 1 2 3 2389 
Tx 2.5239 1 1 3 2 
Rx 2.52398 1 1 3 16026 176880
Rx 2.524 1 2 3 1446 0
Tx 2.524 1 1 3 16026 
Rx 2.52409 1 1 3 2 0
Rx 2.5241 1 2 3 2389 193520
Tx 2.5241 1 1 3 10681 
Rx 2.52419 1 1 3 16026 181040
Rx 2.52419 1 2 3 2112 0
Tx 2.5242 1 1 3 14243 
Rx 2.52427 1 1 3 10681 168560
Rx 2.52429 1 2 3 1446 0
Tx 2.5243 1 2 3 1668 
Tx 2.5243 1 1 3 16026 
Rx 2.52438 1 1 3 14243 176880
Rx 2.5244 1 2 3 2389 0
Tx 2.5244 1 2 3 2 
Tx 2.5244 1 1 3 16026 
Rx 2.52449 1 1 3 16026 181040
Rx 2.5245 1 2 3 1668 193520
Tx 2.5245 1 1 3 12293 
Rx 2.52459 1 1 3 16026 185200
Rx 2.5246 1 2 3 2 0
Rx 2.52469 1 1 3 12293 181040
Rx 2.5247 1 2 3 2389 0
Tx 2.5247 1 2 3 2223 
Rx 2.52478 1 1 3 12461 0
Rx 2.52479 1 2 3 1668 0
Rx 2.52489 1 1 3 16026 0
Rx 2.52489 1 2 3 2223 189360
Tx 2.5249 1 1 3 2 
Rx 2.52499 1 1 3 16026 0
Rx 2.52499 1 2 3 2389 0
Rx 2.52507 1 1 3 2 0
Rx 2.52509 1 2 3 1668 0
Tx 2.5251 1 2 3 2056 
Rx 2.52518 1 1 3 12293 0
Rx 2.52519 1 2 3 2223 0
Rx 2.52529 1 1 3 1772 0
Rx 2.5253 1 2 3 2056 193520
Rx 2.52539 1 1 3 14273 0
Rx 2.52539 1 2 3 2389 0
Tx 2.5254 1 2 3 2 
Rx 2.52547 1 1 3 12461 0
Rx 2.52549 1 2 3 2056 0
Tx 2.5255 1 2 3 1446 
Rx 2.52558 1 1 3 3586 0
Rx 2.52559 1 2 3 2 0
Rx 2.52569 1 1 3 12293 0
Rx 2.5257 1 2 3 1446 193520
Rx 2.52576 1 2 3 1772 0
Rx 2.5258 1 1 3 14243 0
Rx 2.5259 1 2 3 342 0
Tx 2.5259 1 2 3 724 
Tx 2.5259 1 1 3 2 
Rx 2.52596 1 2 3 1446 0
Rx 2.52603 1 2 3 724 126960
Rx 2.5261 1 1 3 2 0
Rx 2.52619 1 2 3 1772 0
Rx 2.52628 1 2 3 342 0
Rx 2.52633 1 2 3 1446 0
Tx 2.5264 1 2 3 2 
Rx 2.52642 1 2 3 724 0
Rx 2.52651 1 2 3 2 0
Rx 2.54601 1 2 3 724 0
Rx 2.54632 1 2 3 724 0
Tx 2.5466 1 1 3 2 
Rx 2.54671 1 1 3 2 0
Tx 4.0012 1 1 3 2 
Tx 4.0012 1 1 3 234 
Rx 4.00131 1 1 3 2 0
Rx 4.00131 1 1 3 234 106160
Rx 4.00161 1 1 3 234 0
Tx 7.0084 1 1 3 234 
Rx 7.00851 1 1 3 234 106160
Rx 7.00881 1 1 3 234 0
Tx 8.7259 1 2 3 1058 
Rx 8.72601 1 2 3 1058 106160
