7000
13000
999999
999999
20000
999999
999999
999999
999999
999999
2000
999999
8000
13000
999999
11000
2000
999999
999999
999999
999999
999999
999999
12000
999999
10000
2000
999999
999999
14000
7000
999999
999999
999999
16000
17000
999999
5000
19000
11000
999999
999999
18000
17000
999999
19000
16000
999999
10000
999999
999999
6000
20000
999999
13000
15000
999999
20000
5000
999999
8000
999999
999999
999999
6000
999999
999999
3000
999999
999999
999999
8000
16000
999999
13000
4000
999999
999999
999999
999999
999999
4000
2000
15000
9000
16000
11000
20000
16000
999999
8000
999999
10000
5000
14000
15000
20000
999999
20000
4000
13000
10000
10000
14000
15000
12000
999999
6000
18000
19000
999999
999999
15000
999999
19000
11000
999999
19000
999999
20000
999999
999999
16000
14000
19000
999999
6000
13000
16000
17000
999999
12000
999999
4000
13000
999999
999999
999999
999999
999999
999999
6000
999999
12000
999999
20000
999999
999999
999999
999999
999999
999999
7000
999999
999999
19000
999999
999999
999999
999999
999999
999999
999999
2000
999999
999999
999999
999999
999999
999999
999999
999999
11000
3000
999999
999999
999999
3000
999999
999999
7000
13000
15000
999999
13000
13000
7000
17000
12000
13000
999999
19000
999999
999999
999999
999999
999999
11000
9000
12000
3000
12000
19000
19000
999999
5000
18000
999999
14000
11000
999999
17000
16000
19000
999999
19000
3000
12000
999999
20000
999999
14000
999999
11000
15000
999999
999999
999999
7000
999999
18000
5000
7000
999999
999999
10000
13000
999999
7000
999999
999999
12000
999999
999999
999999
8000
13000
15000
2000
14000
999999
999999
11000
3000
999999
999999
999999
999999
999999
999999
999999
999999
4000
999999
999999
999999
17000
999999
999999
2000
999999
6000
999999
999999
7000
20000
3000
20000
6000
999999
14000
19000
4000
7000
999999
999999
10000
999999
12000
999999
999999
999999
999999
999999
16000
999999
999999
999999
13000
999999
16000
999999
999999
16000
5000
999999
11000
999999
999999
999999
10000
13000
999999
999999
999999
14000
10000
999999
18000
18000
15000
10000
999999
999999
999999
13000
19000
999999
2000
17000
7000
18000
9000
12000
11000
14000
999999
2000
8000
999999
3000
999999
999999
13000
999999
6000
3000
999999
999999
19000
3000
999999
17000
9000
3000
15000
14000
2000
19000
999999
999999
8000
999999
14000
999999
999999
999999
999999
999999
999999
19000
999999
12000
999999
999999
999999
3000
999999
999999
999999
12000
7000
999999
999999
999999
999999
3000
13000
19000
12000
999999
999999
999999
999999
999999
999999
3000
999999
10000
999999
7000
999999
999999
999999
999999
999999
18000
7000
999999
15000
999999
13000
999999
3000
999999
4000
3000
4000
8000
11000
8000
999999
999999
7000
999999
999999
11000
20000
999999
16000
999999
999999
13000
999999
3000
999999
999999
999999
999999
15000
999999
11000
17000
999999
999999
999999
19000
999999
5000
999999
10000
2000
2000
999999
9000
20000
2000
999999
7000
999999
18000
13000
999999
999999
999999
999999
999999
999999
999999
999999
999999
3000
999999
999999
999999
12000
999999
6000
999999
999999
999999
4000
999999
999999
999999
4000
999999
999999
19000
999999
5000
999999
5000
13000
999999
999999
12000
4000
999999
999999
17000
14000
999999
7000
999999
999999
9000
999999
999999
999999
999999
999999
7000
999999
999999
8000
999999
14000
17000
999999
16000
999999
5000
4000
7000
5000
8000
999999
17000
999999
16000
999999
10000
4000
999999
19000
999999
10000
12000
8000
16000
17000
999999
999999
17000
999999
20000
999999
6000
999999
10000
20000
999999
16000
20000
999999
12000
999999
999999
5000
999999
17000
999999
999999
999999
999999
16000
10000
10000
18000
8000
999999
20000
999999
11000
4000
14000
999999
12000
10000
9000
999999
3000
5000
17000
999999
15000
7000
999999
8000
999999
16000
10000
999999
6000
5000
999999
999999
7000
12000
8000
15000
4000
4000
15000
20000
999999
17000
3000
19000
14000
999999
999999
999999
19000
999999
999999
999999
999999
999999

