7000
13000
999999
999999
20000
999999
999999
999999
999999
999999
2000
999999
8000
13000
999999
11000
2000
999999
999999
999999
999999
999999
999999
12000
999999
10000
2000
999999
999999
14000
7000
999999
999999
999999
16000
17000
999999
5000
19000
11000
999999
999999
18000
17000
999999
19000
16000
999999
10000
999999
999999
6000
999999
999999
13000
999999
999999
999999
999999
999999
8000
999999
999999
999999
999999
999999
999999
999999
999999
999999
999999
999999
999999
999999
999999
4000
999999
999999
999999
999999
999999
999999
999999
999999
9000
16000
999999
20000
16000
999999
999999
999999
10000
5000
999999
15000
20000
999999
20000
999999
13000
10000
999999
999999
15000
999999
999999
999999
999999
999999
999999
999999
15000
999999
999999
11000
999999
999999
999999
999999
999999
999999
999999
14000
999999
999999
6000
999999
999999
17000
999999
999999
999999
999999
13000
999999
999999
999999
999999
999999
999999
999999
999999
12000
999999
20000
999999
999999
999999
999999
999999
999999
999999
999999
999999
999999
999999
999999
999999
999999
999999
999999
999999
2000
999999
999999
999999
999999
999999
999999
999999
999999
999999
3000
999999
999999
999999
999999
999999
999999
7000
999999
999999
999999
13000
13000
999999
17000
12000
13000
999999
999999
999999
999999
999999
999999
999999
999999
9000
999999
3000
12000
999999
999999
999999
999999
18000
999999
999999
999999
999999
999999
16000
19000
999999
19000
3000
999999
999999
999999
999999
999999
999999
11000
999999
999999
999999
999999
999999
999999
18000
999999
999999
999999
999999
10000
999999
999999
7000
999999
999999
999999
999999
999999
999999
8000
13000
999999
2000
999999
999999
999999
999999
999999
999999
999999
999999
999999
999999
999999
999999
999999
4000
999999
999999
999999
17000
999999
999999
999999
999999
999999
999999
999999
7000
20000
680
20000
999999
999999
670
999999
4000
999999
999999
999999
10000
999999
12000
600
999999
610
700
999999
710
999999
999999
999999
999999
999999
999999
999999
999999
999999
999999
720
11000
999999
999999
999999
10000
13000
999999
999999
999999
14000
999999
999999
18000
18000
999999
10000
999999
999999
999999
999999
19000
999999
999999
999999
7000
999999
9000
999999
999999
999999
999999
999999
8000
999999
999999
999999
999999
999999
999999
999999
999999
999999
999999
19000
999999
999999
17000
999999
999999
15000
14000
999999
999999
999999
999999
8000
999999
14000
999999
999999
999999
999999
999999
999999
999999
999999
12000
999999
999999
999999
3000
999999
999999
999999
12000
999999
999999
999999
999999
999999
3000
999999
19000
12000
999999
999999
999999
999999
999999
999999
999999
999999
999999
999999
999999
999999
999999
999999
999999
999999
18000
999999
999999
999999
999999
13000
999999
3000
999999
4000
999999
999999
8000
11000
999999
999999
999999
999999
999999
999999
11000
20000
999999
999999
999999
999999
13000
999999
999999
999999
999999
999999
999999
15000
999999
11000
17000
999999
999999
999999
999999
999999
999999
999999
999999
2000
2000
999999
999999
20000
2000
999999
999999
999999
18000
13000
999999
999999
999999
999999
999999
999999
999999
999999
999999
3000
999999
999999
999999
999999
999999
6000
999999
999999
999999
999999
999999
999999
999999
999999
999999
999999
19000
999999
999999
999999
5000
999999
999999
999999
999999
999999
999999
999999
999999
14000
999999
999999
999999
999999
9000
999999
999999
999999
999999
999999
999999
999999
999999
8000
999999
999999
17000
999999
999999
999999
5000
999999
7000
999999
8000
999999
999999
999999
16000
999999
10000
999999
999999
999999
999999
999999
12000
8000
999999
17000
999999
999999
17000
999999
999999
999999
999999
999999
10000
20000
999999
16000
999999
999999
12000
999999
999999
999999
999999
999999
999999
999999
999999
999999
999999
10000
10000
999999
8000
999999
999999
999999
999999
4000
999999
999999
12000
999999
999999
999999
3000
999999
999999
999999
15000
7000
999999
8000
999999
16000
999999
999999
6000
5000
999999
999999
7000
999999
999999
15000
710
720
15000
600
999999
610
3000
19000
620
999999
630
999999
19000
999999
640
999999
650
999999
20000
660
11000
670
14000
680
12000
690
9000
14000
700
5000
710
20000
720
7000
640
8000
600
16000
620
610
20000
600
11000
630
14000
680
12000
700
9000
660
3000
620
