7000
13000
999999
999999
20000
999999
999999
999999
999999
999999
5000
999999
8000
13000
999999
11000
5000
999999
999999
999999
999999
999999
999999
12000
999999
10000
5000
999999
999999
14000
7000
999999
999999
999999
16000
17000
999999
5000
19000
11000
999999
999999
18000
17000
999999
19000
16000
999999
10000
999999
999999
6000
999999
999999
13000
999999
999999
999999
999999
999999
8000
999999
999999
999999
999999
999999
999999
999999
999999
999999
999999
999999
999999
999999
999999
5000
999999
999999
999999
999999
999999
999999
999999
999999
9000
16000
999999
20000
16000
999999
999999
999999
10000
5000
999999
15000
20000
999999
20000
999999
13000
10000
999999
999999
15000
999999
999999
999999
999999
999999
999999
999999
15000
999999
999999
11000
999999
999999
999999
999999
999999
999999
999999
14000
999999
999999
6000
999999
999999
17000
999999
999999
999999
999999
13000
999999
999999
999999
999999
999999
999999
999999
999999
12000
999999
20000
999999
999999
999999
999999
999999
999999
999999
999999
999999
999999
999999
999999
999999
999999
999999
999999
999999
5000
999999
999999
999999
999999
999999
999999
999999
999999
999999
5000
999999
999999
999999
999999
999999
999999
7000
999999
999999
999999
13000
13000
999999
17000
12000
13000
999999
999999
999999
999999
999999
999999
999999
999999
9000
999999
5000
12000
999999
999999
999999
999999
18000
999999
999999
999999
999999
999999
16000
19000
999999
19000
5000
999999
999999
999999
999999
999999
999999
11000
999999
999999
999999
999999
999999
999999
18000
999999
999999
999999
999999
10000
999999
999999
7000
999999
999999
999999
999999
999999
999999
8000
13000
999999
5000
999999
999999
999999
999999
999999
999999
999999
999999
999999
999999
999999
999999
999999
5000
999999
999999
999999
17000
999999
999999
999999
999999
999999
999999
999999
7000
20000
680
20000
620
999999
670
19000
5000
690
999999
612
10000
630
12000
620
999999
620
700
999999
710
999999
640
999999
650
999999
670
999999
999999
680
5000
720
11000
700

